0000000000000000
0000000000000000
0000000000000000
0000000000000000
0000000000000000
0000000000000000
0000000000000000
0000000000000000
0000000000000000
0000000000000000
0000000000000000
0000000000000000
0000000000000000
0000000000000001
0000010100000001
1000000101100000
1000110011100111
0101110010001010
0111100010011010
0111111110111001
1110101110111001
1111011110001001
1110011010101000
0111011111101000
1110011111111000
1111111111111000
1111010111101101
1111011011111000
1110010101010100
1110011001011001
